0 0.26015625 0.2796875 0.1609375 0.059375
0 0.0953125 0.26171875 0.115625 0.0953125
0 0.1504220181335028 0.4995893711988758 0.14327810509226263 0.18046018052176754
0 0.06839149715740263 0.41957059397331686 0.0962673262236546 0.09740224082661779
0 0.12499854195220043 0.35828311514875166 0.09848227360693614 0.08179542154477706
0 0.20361272049610743 0.7821882477605048 0.21034377872743376 0.23239538524403186
0 0.0390625 0.57734375 0.078125 0.2546875
0 0.03046875 0.3296875 0.0609375 0.040625
0 0.11171875 0.35 0.0984375 0.08125
0 0.69609375 0.52578125 0.3546875 0.2765625
0 0.70625 0.82109375 0.375 0.2671875