0 0.0546875 0.17734375 0.109375 0.2421875
0 0.28203125 0.36171875 0.3953125 0.3546875
0 0.6640625 0.4546875 0.36875 0.16875
0 0.7035721863128769 0.38463735675569516 0.3074273180303493 0.23520068025830945
0 0.5808496238640988 0.2817132820659466 0.1715197431755744 0.13138169530200416
0 0.6054729423087328 0.2065457975053528 0.14673806699689199 0.13534176959604133
0 0.30703125 0.6890625 0.3453125 0.3
0 0.16015625 0.659375 0.3203125 0.240625
0 0.16484375 0.8734375 0.3296875 0.253125
0 0.384375 0.8953125 0.190625 0.209375
0 0.925 0.83984375 0.15 0.3203125
0 0.72421875 0.89375 0.2703125 0.2125
0 0.9625 0.6203125 0.075 0.1625