0 0.24453125 0.396875 0.4890625 0.24375
0 0.27890625 0.2828125 0.4203125 0.34375
0 0.19985283098945822 0.13340969293709692 0.29102554250907653 0.22299274979950728
0 0.3203125 0.0375 0.1625 0.075
0 0.6147523418266921 0.3460118236364206 0.17380886760421674 0.17516871120744354
0 0.54609375 0.2140625 0.1140625 0.140625
0 0.63828125 0.14453125 0.2984375 0.2890625
0 0.79140625 0.07109375 0.4171875 0.1421875
0 0.27421875 0.95625 0.2078125 0.0875
0 0.07109375 0.91171875 0.1421875 0.1765625
0 0.34830621292813096 0.6189192952168264 0.1410600346004111 0.17424482863402008
0 0.0703125 0.66328125 0.140625 0.1984375
0 0.63828125 0.7109375 0.2984375 0.384375