0 0.28671875 0.13203125 0.4265625 0.2640625
0 0.60546875 0.18984375 0.2109375 0.3796875
0 0.83828125 0.153125 0.3234375 0.30625
0 0.3578125 0.7015625 0.284375 0.328125
0 0.25 0.8359375 0.5 0.328125
0 0.1898925837632266 0.5532470896316821 0.1992396787556686 0.21577040041956294
0 0.21328125 0.39921875 0.1078125 0.0390625
0 0.778125 0.91796875 0.44375 0.1640625
0 0.7292259124765428 0.8458643325827122 0.3533503260824803 0.2710051199253762
0 0.946875 0.88984375 0.10625 0.2203125
0 0.7403769731269434 0.7168163726246686 0.2424590577372161 0.18326647635429047
0 0.7509210890248984 0.6040562634964618 0.0854208314853265 0.1044758576783142