0 0.42109375 0.0453125 0.2359375 0.090625
0 0.23203125 0.04765625 0.3671875 0.0953125
0 0.1640625 0.20390625 0.328125 0.4078125
0 0.8578125 0.3484375 0.253125 0.18125
0 0.6769461687765347 0.25511801048357463 0.16450826546195146 0.20638730721668558
0 0.6504947233281608 0.08850220696751691 0.14534393515657004 0.1429861412698416
0 0.578125 0.1953125 0.078125 0.3625
0 0.7265625 0.03515625 0.346875 0.0703125
0 0.26953125 0.79609375 0.5390625 0.4078125
0 0.70390625 0.6015625 0.3296875 0.325
0 0.64765625 0.84609375 0.2171875 0.3078125