0 0.24375 0.4234375 0.190625 0.13125
0 0.11640625 0.38125 0.1953125 0.215625
0 0.0765625 0.43125 0.153125 0.115625
0 0.66953125 0.146875 0.6609375 0.29375
0 0.16953125 0.78359375 0.3390625 0.4328125
0 0.5248666271508042 0.7453403107978651 0.24201582493918145 0.24886721741393636
0 0.42890625 0.8984375 0.1796875 0.203125
0 0.67578125 0.946875 0.2578125 0.10625
0 0.7115222655180939 0.6294791833449979 0.1542885659621911 0.2062393656270503
0 0.74609375 0.51328125 0.1390625 0.0484375
0 0.890625 0.628125 0.21875 0.278125