0 0.41484375 0.78046875 0.3296875 0.275
0 0.8140625 0.621875 0.2015625 0.13828125
0 0.83515625 0.86953125 0.3296875 0.2609375
0 0.12734375 0.72578125 0.1875 0.1703125
0 0.1921875 0.64453125 0.12890625 0.14453125
0 0.33359375 0.603125 0.203125 0.18671875
0 0.540625 0.47265625 0.14453125 0.14296875
0 0.69453125 0.51484375 0.11328125 0.13828125
0 0.86640625 0.5 0.1703125 0.13671875
0 0.89140625 0.42578125 0.14453125 0.140625
0 0.7765625 0.3375 0.2203125 0.1609375
0 0.28359375 0.47890625 0.20859375 0.21484375
0 0.1515625 0.3484375 0.15 0.1984375
0 0.06875 0.4546875 0.125 0.25078125