0 0.71640625 0.125 0.5140625 0.25
0 0.2296875 0.8859375 0.459375 0.228125
0 0.31328125 0.77109375 0.2921875 0.2765625
0 0.96875 0.64921875 0.0625 0.2953125
0 0.89765625 0.909375 0.2046875 0.18125
0 0.8265770178316781 0.7759909638121177 0.17421472729976806 0.29128222948277804
0 0.8898450444862428 0.5055135032310412 0.17760502965749508 0.1446254350298612
0 0.6871696665390838 0.6939986942448261 0.11491402866891205 0.13848323138263902
0 0.6337661408359214 0.5732510895714233 0.09728085969555131 0.12714568787965286
0 0.51484375 0.4734375 0.1109375 0.146875
0 0.65546875 0.4484375 0.0984375 0.096875
0 0.80390625 0.42890625 0.1328125 0.0578125
0 0.92734375 0.421875 0.1171875 0.04375