0 0.1296875 0.325 0.259375 0.471875
0 0.3352127002127606 0.2979621945770884 0.24495113912390726 0.24726275956691132
0 0.31875 0.4828125 0.246875 0.19375
0 0.440625 0.53515625 0.196875 0.0890625
0 0.465625 0.4609375 0.146875 0.23125
0 0.5 0.34921875 0.078125 0.2234375
0 0.484375 0.18828125 0.109375 0.1453125
0 0.0453125 0.13359375 0.090625 0.1703125
0 0.93671875 0.41875 0.1265625 0.278125
0 0.26328125 0.90625 0.3859375 0.1875
0 0.0515625 0.89140625 0.103125 0.2015625
0 0.0765625 0.8171875 0.153125 0.165625
0 0.22123768152332715 0.793000876089039 0.24142194753799595 0.2190922954602886
0 0.4508866127176782 0.686522240895307 0.1737538462971587 0.16566576708875883
0 0.196875 0.68359375 0.253125 0.2078125
0 0.0953125 0.6046875 0.190625 0.05
0 0.03984375 0.665625 0.0796875 0.171875
0 0.690625 0.78984375 0.303125 0.4203125
0 0.94296875 0.83828125 0.1140625 0.3234375