0 0.4796875 0.4921875 0.31875 0.253125
0 0.18359375 0.5328125 0.2484375 0.171875
0 0.4961175176593933 0.3022322310194512 0.2102658551898024 0.16531970506402782
0 0.95859375 0.31328125 0.0828125 0.2671875
0 0.890625 0.1890625 0.21875 0.25
0 0.778125 0.48671875 0.278125 0.2640625
0 0.71796875 0.2890625 0.1578125 0.246875
0 0.67265625 0.07265625 0.0671875 0.1140625
0 0.946875 0.0734375 0.10625 0.146875
0 0.80078125 0.0890625 0.1859375 0.178125
0 0.14609375 0.846875 0.2921875 0.30625
0 0.47890625 0.92265625 0.2140625 0.1546875
0 0.91953125 0.91328125 0.1609375 0.1734375