0 0.68984375 0.159375 0.6203125 0.31875
0 0.18984375 0.68515625 0.3796875 0.6296875
0 0.96484375 0.83359375 0.0703125 0.2296875
0 0.83203125 0.946875 0.2921875 0.10625
0 0.7125 0.90859375 0.33125 0.1828125
0 0.8465986530825939 0.8138444097679086 0.17149411035393455 0.18968437697836435
0 0.91640625 0.7375 0.1671875 0.21875
0 0.7989108529555369 0.6773436657608024 0.19476501038216937 0.16130707146044046
0 0.5825746794615403 0.866616448438805 0.2979347839891055 0.24771596223361492
0 0.68358271359182 0.7872775084792847 0.19174642619541976 0.1362251843053107
0 0.6452699134647631 0.651268087402957 0.20294153142885668 0.16796650723608925