0 0.1 0.19765625 0.2 0.3890625
0 0.0875 0.3796875 0.175 0.2
0 0.2125 0.4234375 0.140625 0.1125
0 0.31259382716090556 0.21963798755576427 0.19306660622842173 0.1828373257680486
0 0.21000346865739877 0.10560771469027355 0.13577432448483523 0.14655259618646851
0 0.22421875 0.096875 0.4484375 0.19375
0 0.93203125 0.353125 0.1359375 0.253125
0 0.96015625 0.275 0.0796875 0.253125
0 0.92421875 0.10390625 0.1515625 0.2078125
0 0.74296875 0.371875 0.1671875 0.215625
0 0.29453125 0.69296875 0.5890625 0.4265625
0 0.84296875 0.84453125 0.3140625 0.3109375
0 0.86484375 0.70390625 0.2703125 0.2515625