0 0.13046875 0.38046875 0.2609375 0.2390625
0 0.3765625 0.42890625 0.190625 0.1421875
0 0.25990392452154343 0.34310311578822866 0.1332577638537389 0.14669577488562507
0 0.24140625 0.25859375 0.4828125 0.3515625
0 0.40625 0.115625 0.3875 0.23125
0 0.7796875 0.3515625 0.359375 0.296875
0 0.934375 0.434375 0.13125 0.13125
0 0.94921875 0.3375 0.1015625 0.246875
0 0.42109375 0.86171875 0.3578125 0.2765625
0 0.540625 0.75 0.11875 0.5
0 0.23984375 0.553125 0.1703125 0.10625
0 0.14411614288512417 0.6638936201566317 0.16745298138875012 0.17714699430041678
0 0.81484375 0.86484375 0.2484375 0.2703125