0 0.434375 0.40546875 0.278125 0.1890625
0 0.52265625 0.30546875 0.1328125 0.2328125
0 0.1328125 0.23203125 0.265625 0.2859375
0 0.07265625 0.3140625 0.1453125 0.371875
0 0.31511293669004486 0.151462436076701 0.24296261606989872 0.2290017414506252
0 0.49140625 0.090625 0.1953125 0.18125
0 0.78046875 0.38125 0.3828125 0.2375
0 0.0375 0.69453125 0.075 0.2046875
0 0.06796875 0.803125 0.1359375 0.178125
0 0.21044343303989219 0.6893046621410065 0.2908546452908919 0.1988791367772226
0 0.371875 0.80703125 0.4 0.3859375
0 0.09765625 0.93125 0.1953125 0.1375
0 0.83359375 0.9515625 0.2046875 0.096875
0 0.7488161862863031 0.7685272219802428 0.16509098620028234 0.152219729482778
0 0.93046875 0.80234375 0.1390625 0.1890625
0 0.8439804561718056 0.6405821003049997 0.15409893912238157 0.14884015634451409
0 0.7127986400191814 0.6397307279641665 0.08264095048646736 0.08157861474138901
0 0.93515625 0.9390625 0.1296875 0.121875