0 0.3859375 0.3078125 0.165625 0.2625
0 0.43359375 0.13046875 0.0703125 0.2078125
0 0.09921875 0.1703125 0.1984375 0.25625
0 0.05859375 0.27265625 0.1171875 0.3328125
0 0.2140625 0.07421875 0.2375 0.1484375
0 0.60546875 0.05625 0.2734375 0.1125
0 0.8796875 0.11640625 0.240625 0.2328125
0 0.971875 0.2234375 0.05625 0.2125
0 0.7741393460791741 0.3109138452419133 0.2462633838228232 0.22142265603118041
0 0.51015625 0.19609375 0.0828125 0.2609375
0 0.5965928413052893 0.22774845126513946 0.12531042116548718 0.14976473734881743
0 0.234375 0.6953125 0.46875 0.5125
0 0.7447208427551818 0.900597247294729 0.29789581618646543 0.16113968403881634
0 0.92265625 0.92265625 0.1546875 0.1546875
0 0.653125 0.9765625 0.28125 0.046875
0 0.7165562634964618 0.673380766629547 0.19704371120744354 0.16933289735836254
0 0.8918396834125492 0.6338080946053665 0.1905336020792369 0.18642949069063536
0 0.5749705695104577 0.5694665206476828 0.1906986228251612 0.14740335335772609
0 0.53359375 0.76640625 0.1296875 0.2359375