0 0.14453125 0.1078125 0.2890625 0.215625
0 0.14453125 0.28515625 0.2890625 0.2921875
0 0.64453125 0.3015625 0.7109375 0.35625
0 0.14453125 0.90546875 0.2890625 0.1890625
0 0.35703125 0.55625 0.1359375 0.153125
0 0.5375 0.7101850837197802 0.26875 0.22187604176169415
0 0.65546875 0.6350901558302914 0.309375 0.2205498910977642
0 0.52109375 0.53671875 0.1515625 0.1140625
0 0.4078125 0.5046875 0.228125 0.05
0 0.784375 0.57265625 0.275 0.1859375
0 0.68359375 0.5078125 0.1796875 0.05625
0 0.734375 0.90546875 0.2375 0.1890625