0 0.18125 0.46484375 0.25 0.32578125
0 0.4578125 0.22109375 0.2 0.12265625
0 0.7796875 0.35625 0.43984375 0.27734375
0 0.934375 0.88984375 0.13125 0.2171875
0 0.78203125 0.59921875 0.4359375 0.2234375
0 0.7125 0.925 0.1875 0.15
0 0.50390625 0.90234375 0.1640625 0.1953125
0 0.45859375 0.6890625 0.17109375 0.21328125
0 0.26640625 0.93203125 0.2203125 0.1359375
0 0.190625 0.67265625 0.125 0.2109375
0 0.0640625 0.884375 0.128125 0.23125
0 0.01953125 0.4859375 0.03828125 0.23671875
0 0.28515625 0.11953125 0.2609375 0.18359375
0 0.58671875 0.07265625 0.3171875 0.14453125