0 0.390625 0.18203125 0.1375 0.1609375
0 0.19453125 0.365625 0.3890625 0.35625
0 0.215625 0.5171875 0.43125 0.125
0 0.27734375 0.078125 0.3421875 0.15625
0 0.7296875 0.41875 0.540625 0.321875
0 0.55078125 0.42578125 0.1828125 0.3078125
0 0.35546875 0.92734375 0.2078125 0.1453125
0 0.1428864627864744 0.8712314866040242 0.17200669530200424 0.1685432686676865
0 0.03515625 0.928125 0.0703125 0.14375
0 0.36484375 0.8359375 0.1890625 0.253125
0 0.43125 0.68984375 0.05625 0.2203125
0 0.9171875 0.78125 0.165625 0.253125
0 0.70234375 0.86796875 0.3078125 0.2640625
0 0.725 0.65625 0.1875 0.153125