0 0.26953125 0.184375 0.5390625 0.36875
0 0.76953125 0.25546875 0.4609375 0.2265625
0 0.44453125 0.94453125 0.1890625 0.1109375
0 0.25234375 0.928125 0.2421875 0.14375
0 0.1109375 0.79765625 0.221875 0.2640625
0 0.015625 0.78984375 0.03125 0.3640625
0 0.3328125 0.42734375 0.265625 0.1171875
0 0.115625 0.40703125 0.23125 0.0765625
0 0.12224706855354742 0.4993152734657619 0.2307029688253194 0.22818372611071513
0 0.01796875 0.48203125 0.0359375 0.1515625
0 0.3537541586465198 0.6100685758707188 0.2656242720436282 0.23799834186749588
0 0.76953125 0.81875 0.4609375 0.3625
0 0.76953125 0.6953125 0.4609375 0.38125
0 0.89296875 0.58671875 0.2140625 0.2453125
0 0.8721710228768073 0.4437371915569123 0.17447511213660044 0.136209057737216
0 0.9234375 0.4109375 0.15 0.084375