0 0.1646811999572188 0.10246985912689768 0.1351455955329392 0.12247186068413445
0 0.2612886803125116 0.17680667285333135 0.16585624813797323 0.21261669961943913
0 0.05078125 0.3203125 0.1015625 0.31875
0 0.34375 0.03515625 0.13125 0.0703125
0 0.52890625 0.04140625 0.2390625 0.0828125
0 0.496875 0.16484375 0.175 0.2828125
0 0.4546875 0.39921875 0.090625 0.1609375
0 0.5934934822128104 0.29252846783386577 0.24136567038771412 0.2266102154367701
0 0.7453125 0.0796875 0.29375 0.159375
0 0.27265625 0.75625 0.2734375 0.265625
0 0.33125 0.83359375 0.15625 0.3328125
0 0.10078125 0.66640625 0.2015625 0.2140625
0 0.73359375 0.74609375 0.5328125 0.4453125
0 0.64375 0.5921875 0.39375 0.225