0 0.20931238756276768 0.2437211535198406 0.1495212521260319 0.1386625261445092
0 0.12940200483179196 0.3476050153473397 0.19116636031120038 0.23032980788809568
0 0.42578125 0.36171875 0.2671875 0.3734375
0 0.1890625 0.04453125 0.140625 0.0890625
0 0.04140625 0.21328125 0.0828125 0.1703125
0 0.64453125 0.24375 0.1703125 0.340625
0 0.7203125 0.13984375 0.321875 0.2796875
0 0.8796875 0.0609375 0.240625 0.121875
0 0.79765625 0.36328125 0.4046875 0.4921875
0 0.60390625 0.4921875 0.0890625 0.234375
0 0.2796875 0.828125 0.559375 0.34375
0 0.7616088558899587 0.7665350433427267 0.2777732821318509 0.3021115647365729