0 0.36171875 0.371875 0.2359375 0.215625
0 0.38666577048806366 0.19035381948723576 0.11797836123992678 0.14481743776222675
0 0.12890625 0.18984375 0.2578125 0.2609375
0 0.78125 0.415625 0.4375 0.128125
0 0.5421875 0.44140625 0.121875 0.0765625
0 0.64453125 0.34609375 0.3296875 0.2671875
0 0.86953125 0.3671875 0.2609375 0.225
0 0.36171875 0.75078125 0.2359375 0.2015625
0 0.18623554107432322 0.799363811813566 0.2121919695529872 0.23160888797200824
0 0.41015625 0.89296875 0.1390625 0.2140625
0 0.4015625 0.55078125 0.15625 0.1421875
0 0.246875 0.534375 0.190625 0.109375
0 0.909375 0.534375 0.18125 0.109375
0 0.6546875 0.64140625 0.35 0.3234375
0 0.63203125 0.846875 0.3046875 0.30625
0 0.85703125 0.92265625 0.2046875 0.1546875