0 0.18984375 0.1 0.2484375 0.2
0 0.05703125 0.2359375 0.1140625 0.146875
0 0.6234375 0.09765625 0.3875 0.1953125
0 0.68984375 0.16953125 0.4015625 0.2796875
0 0.9421875 0.178125 0.115625 0.2625
0 0.64453125 0.27890625 0.4296875 0.0609375
0 0.19453125 0.62578125 0.3890625 0.6046875
0 0.5984375 0.95859375 0.3375 0.0828125
0 0.6715064235627185 0.7620263809872706 0.28561875395672887 0.33282572334543536
0 0.7542835447753318 0.5564714007589341 0.2820223631835546 0.23445189034162972
0 0.8535731365893028 0.4279882565001527 0.2182188127540133 0.17728137749004844
0 0.4921875 0.48203125 0.125 0.2296875
0 0.56953125 0.390625 0.1984375 0.1625
0 0.77109375 0.36328125 0.2484375 0.1078125