0 0.16484375 0.54375 0.3296875 0.190625
0 0.19072234498666613 0.41858071950935294 0.21461193313000032 0.2433179389257404
0 0.24140625 0.05078125 0.1484375 0.1015625
0 0.0203125 0.23671875 0.040625 0.1109375
0 0.75703125 0.55625 0.2015625 0.165625
0 0.92109375 0.36875 0.1578125 0.159375
0 0.6340911384896523 0.3374755654095841 0.3634481702122224 0.20644123845462908
0 0.8823305763693051 0.22375765212000126 0.1517833183886113 0.15673659849212934
0 0.9828125 0.2515625 0.034375 0.0875
0 0.4015625 0.496875 0.14375 0.21875
0 0.6 0.5234375 0.26875 0.23125
0 0.47734375 0.88125 0.2953125 0.2375
0 0.36640625 0.7390625 0.0734375 0.2
0 0.7171875 0.86953125 0.303125 0.2609375