0 0.521875 0.59296875 0.52265625 0.36875
0 0.4625 0.8828125 0.725 0.234375
0 0.14296875 0.40859375 0.28515625 0.21640625
0 0.12734375 0.60078125 0.25390625 0.16015625
0 0.09609375 0.18515625 0.175 0.2
0 0.309375 0.17734375 0.23984375 0.17890625
0 0.59609375 0.20234375 0.25859375 0.20859375
0 0.8875 0.17890625 0.20859375 0.15
0 0.69296875 0.06953125 0.1703125 0.1390625
0 0.903125 0.06796875 0.19375 0.13515625
0 0.3359375 0.04765625 0.209375 0.0953125
0 0.565625 0.065625 0.20234375 0.13125
0 0.05703125 0.065625 0.09375 0.13125
0 0.17734375 0.06875 0.12890625 0.1375