0 0.2359375 0.29609375 0.471875 0.4765625
0 0.22109375 0.48515625 0.4421875 0.2078125
0 0.75 0.3921875 0.5 0.39375
0 0.07380956155166629 0.8481192346397798 0.14360714247680556 0.13385502965749527
0 0.03671875 0.7828125 0.0734375 0.146875
0 0.11472811512263856 0.6997162267311143 0.2176992591180557 0.16497237847863166
0 0.4030613036678815 0.8198735819408605 0.12445709897381967 0.11590352570316256
0 0.36015625 0.97890625 0.1390625 0.0421875
0 0.33789285818878445 0.7023305962753164 0.10196384992375015 0.08844968775644109
0 0.7640625 0.8890625 0.471875 0.221875
0 0.92734375 0.65859375 0.1421875 0.1390625