0 0.16484375 0.25 0.3296875 0.5
0 0.5812435416923415 0.35950859179690864 0.2302831863123343 0.2265302208490434
0 0.41015625 0.42890625 0.1609375 0.1421875
0 0.8011901114032918 0.31503606790762384 0.1422145012493999 0.1933999314570916
0 0.8988607846433716 0.17555560993041147 0.13279103444287904 0.13062691567207607
0 0.94140625 0.34296875 0.1171875 0.3140625
0 0.8484375 0.05859375 0.303125 0.1109375
0 0.16484375 0.92890625 0.3296875 0.1421875
0 0.43671875 0.83828125 0.2140625 0.3015625
0 0.5328125 0.92265625 0.3125 0.1546875
0 0.7015625 0.946875 0.4125 0.10625