0 0.27265625 0.2203125 0.3140625 0.359375
0 0.88203125 0.228125 0.2359375 0.340625
0 0.353125 0.728125 0.153125 0.253125
0 0.33203125 0.8609375 0.1953125 0.253125
0 0.3484375 0.48984375 0.1625 0.1796875
0 0.1078125 0.89375 0.215625 0.2125
0 0.8048439768796577 0.8342659719466677 0.2837033551898024 0.16300103012188494
0 0.60859375 0.89921875 0.1953125 0.2015625
0 0.89453125 0.93828125 0.2109375 0.1234375
0 0.7889745789462023 0.6071032712210283 0.18221357806243965 0.17195438947037936
0 0.6085967325369984 0.5851761636018145 0.1760544816532356 0.18736113466105592
0 0.9099915817748727 0.4902109263005041 0.17739881303532493 0.1499156983633867
0 0.96640625 0.68125 0.0671875 0.2375