0 0.26875 0.23515625 0.5375 0.1890625
0 0.8625 0.25390625 0.275 0.1515625
0 0.7046875 0.234375 0.29375 0.190625
0 0.2484375 0.91015625 0.475 0.1796875
0 0.16171875 0.8375 0.3234375 0.253125
0 0.42480195287555256 0.8192728636945492 0.20284424063022613 0.22500391926229177
0 0.14573259729296656 0.7065130648732295 0.23377607806243947 0.1710437710859029
0 0.1393740338648583 0.590724410712917 0.08026019262201593 0.10029224715020853
0 0.6421875 0.6796875 0.20625 0.225
0 0.7533769256499936 0.7933746723964239 0.27954309601642036 0.2502234312301391
0 0.8534319886853184 0.6519340144363892 0.28724651170746507 0.23165526918604193
0 0.7260069463344491 0.5286393719595835 0.25258971057599683 0.18241768218006965
0 0.93125 0.52734375 0.1375 0.1765625
0 0.6373762383907309 0.45234766926229186 0.1444590480082102 0.1252208183886113