0 0.365625 0.51953125 0.328125 0.2390625
0 0.3397490178548617 0.45474160510634254 0.36428593123013914 0.28853628041659396
0 0.3117305077868755 0.3243266794003796 0.24971297853284735 0.19620036473976085
0 0.28798192363069486 0.2096504139609734 0.09149912860909737 0.10727895407749291
0 0.59921875 0.37421875 0.1390625 0.3828125
0 0.71328125 0.0828125 0.2265625 0.165625
0 0.9046875 0.17109375 0.190625 0.3421875
0 0.93984375 0.3875 0.1203125 0.328125
0 0.83046875 0.5265625 0.2203125 0.225
0 0.59140625 0.54765625 0.1234375 0.1828125
0 0.6 0.06953125 0.140625 0.1390625
0 0.14453125 0.93359375 0.2890625 0.1328125
0 0.76171875 0.81953125 0.4640625 0.3609375