0 0.27890625 0.225 0.3609375 0.45
0 0.8625 0.3515625 0.26875 0.196875
0 0.7461532200827234 0.2844205125365281 0.3087408426957259 0.22119054787138914
0 0.8814083727323151 0.1618214267648269 0.15201812802354447 0.17692878875333343
0 0.93984375 0.0953125 0.1203125 0.190625
0 0.83515625 0.046875 0.1796875 0.09375
0 0.6170737000715876 0.1994071200597225 0.2743840240292714 0.22195296086541685
0 0.7193169053946336 0.1260261310776393 0.18101473734881743 0.1182447729857639
0 0.6828125 0.03046875 0.1875 0.0609375
0 0.36640625 0.55625 0.1859375 0.2125
0 0.103125 0.54375 0.20625 0.1875
0 0.92109375 0.86953125 0.1578125 0.2390625
0 0.7328125 0.92890625 0.25 0.1421875
0 0.53671875 0.98125 0.1546875 0.0375
0 0.7003300007160886 0.7629234529816322 0.13248633068109025 0.10930487765916688
0 0.8612947727164068 0.7690130648732295 0.1864294906906352 0.18085387575930573
0 0.6141015993793616 0.7359232354667016 0.21617153469127154 0.1862323599917363