0 0.2046875 0.2 0.409375 0.4
0 0.59453125 0.371875 0.3703125 0.19375
0 0.5930490140848257 0.13503599180857645 0.3394124127367947 0.25497943325224204
0 0.2046875 0.73515625 0.409375 0.4609375
0 0.96015625 0.8125 0.0796875 0.303125
0 0.93671875 0.68359375 0.1265625 0.2234375
0 0.7180667946703727 0.7634473381195844 0.3008920466757184 0.24226126463433104
0 0.6502889764929629 0.6467098108940255 0.3402096381909875 0.24561352361132158
0 0.830327033919527 0.5839729406771083 0.18067539940087513 0.18533857806243964
0 0.9171875 0.56875 0.165625 0.2
0 0.85546875 0.49296875 0.2015625 0.0484375
0 0.57421875 0.55546875 0.3078125 0.1734375
0 0.7 0.5125 0.196875 0.0875
0 0.49453125 0.8671875 0.1703125 0.21875