0 0.16484375 0.425 0.3296875 0.409375
0 0.16484375 0.1609375 0.3296875 0.321875
0 0.41015625 0.07734375 0.1609375 0.1546875
0 0.89453125 0.0609375 0.2109375 0.121875
0 0.88515625 0.17421875 0.2296875 0.2234375
0 0.64765625 0.4546875 0.3921875 0.35
0 0.38359375 0.38984375 0.1078125 0.3296875
0 0.078125 0.86640625 0.15625 0.1953125
0 0.17265625 0.6640625 0.3140625 0.06875
0 0.2078125 0.80546875 0.24375 0.2203125
0 0.775 0.8609375 0.365625 0.278125
0 0.88125 0.671875 0.2375 0.084375
0 0.453125 0.7046875 0.246875 0.15