0 0.13203125 0.12265625 0.2640625 0.2453125
0 0.3015625 0.0375 0.346875 0.075
0 0.0828125 0.278125 0.165625 0.28125
0 0.31917059068844456 0.24310754910472454 0.30245887569213786 0.26779765752654666
0 0.73984375 0.209375 0.5203125 0.41875
0 0.0703125 0.7 0.140625 0.384375
0 0.3062943630490951 0.5145882234214941 0.23238860271317882 0.17181054573098153
0 0.39921875 0.7078125 0.1609375 0.384375
0 0.36953125 0.890625 0.2203125 0.21875
0 0.17109375 0.9234375 0.2296875 0.153125
0 0.1671875 0.46171875 0.309375 0.0859375
0 0.38671875 0.46171875 0.1859375 0.0859375
0 0.73984375 0.6015625 0.5203125 0.365625