0 0.44765625 0.23125 0.2421875 0.203125
0 0.409375 0.440625 0.31875 0.25625
0 0.378125 0.0796875 0.225 0.159375
0 0.9578125 0.18359375 0.084375 0.2890625
0 0.94765625 0.32265625 0.1046875 0.2890625
0 0.78828125 0.4328125 0.2578125 0.271875
0 0.52109375 0.6859375 0.0953125 0.234375
0 0.44765625 0.87265625 0.2421875 0.2546875
0 0.29084100852141664 0.734022322569583 0.3263205868489054 0.2621792237831947
0 0.09296875 0.74296875 0.1859375 0.2234375
0 0.12265625 0.6421875 0.2453125 0.146875
0 0.24375 0.95625 0.28125 0.0875
0 0.8859375 0.7734375 0.228125 0.409375
0 0.69609375 0.8421875 0.2546875 0.315625
0 0.67578125 0.6703125 0.2140625 0.203125