0 0.234375 0.19453125 0.46875 0.3890625
0 0.884375 0.19375 0.23125 0.3875
0 0.6546875 0.3140625 0.371875 0.15
0 0.2655866244499368 0.7066288469043667 0.3088497124710205 0.2399201406713006
0 0.15046434874677433 0.8201567054078736 0.1981377055509382 0.198819698759889
0 0.0671875 0.71015625 0.134375 0.2328125
0 0.41640625 0.73984375 0.1046875 0.3265625
0 0.21796875 0.92578125 0.4359375 0.1484375
0 0.61875 0.81640625 0.3 0.3671875
0 0.85 0.90078125 0.3 0.1984375
0 0.7585858438410394 0.709779002923007 0.25827670950527093 0.22206886722608382