0 0.3046875 0.24453125 0.609375 0.4890625
0 0.9046875 0.30390625 0.190625 0.2984375
0 0.75546875 0.1828125 0.2921875 0.3
0 0.68046875 0.09609375 0.1421875 0.1921875
0 0.8046875 0.43828125 0.390625 0.1015625
0 0.659375 0.290625 0.1 0.396875
0 0.48046875 0.61640625 0.2578125 0.2546875
0 0.140625 0.525 0.278125 0.071875
0 0.0359375 0.78671875 0.071875 0.2265625
0 0.2015625 0.93984375 0.3875 0.1203125
0 0.5109375 0.90546875 0.196875 0.1890625
0 0.56171875 0.5328125 0.0953125 0.0875
0 0.86875 0.59375 0.2625 0.209375
0 0.72265625 0.77109375 0.2265625 0.4578125