0 0.28984375 0.18984375 0.5796875 0.3796875
0 0.6328125 0.109375 0.10625 0.21875
0 0.7597584130214085 0.1980484549784025 0.2972497439830203 0.30491093123013896
0 0.8625 0.2890625 0.275 0.18125
0 0.15703125 0.90703125 0.3140625 0.1859375
0 0.3418583166297512 0.6906677935998953 0.28448892812846155 0.3248961229095141
0 0.47109375 0.51328125 0.2171875 0.2265625
0 0.0890625 0.4875 0.178125 0.215625
0 0.22578125 0.4296875 0.2484375 0.1
0 0.653125 0.83828125 0.146875 0.2578125
0 0.9109375 0.8515625 0.178125 0.296875
0 0.7556168352897739 0.7465762207459719 0.1739357526208936 0.133542464665139
0 0.63359375 0.6546875 0.1078125 0.14375