0 0.1984375 0.325 0.21015625 0.2703125
0 0.3703125 0.36328125 0.14140625 0.28671875
0 0.32734375 0.5296875 0.20078125 0.13515625
0 0.48046875 0.7515625 0.25234375 0.43515625
0 0.571875 0.47734375 0.15234375 0.2828125
0 0.48828125 0.2109375 0.1671875 0.13515625
0 0.7046875 0.3875 0.1046875 0.1328125
0 0.74921875 0.2640625 0.08828125 0.12265625
0 0.90390625 0.1234375 0.1921875 0.19921875
0 0.715625 0.12578125 0.08828125 0.12421875
0 0.56484375 0.1 0.12421875 0.11171875
0 0.44140625 0.0875 0.10859375 0.12421875
0 0.31015625 0.0984375 0.13671875 0.15390625