0 0.35078125 0.178125 0.5765625 0.35625
0 0.78203125 0.34453125 0.2859375 0.2703125
0 0.72578125 0.1984375 0.1734375 0.21875
0 0.215625 0.56015625 0.43125 0.1609375
0 0.4734375 0.5859375 0.26875 0.2125
0 0.52578125 0.5140625 0.2265625 0.06875
0 0.36162660067763686 0.7127585294058342 0.28068564178279126 0.3618915731387958
0 0.19861066118686307 0.709143388265556 0.22938220506402782 0.2283764441095366
0 0.53046875 0.82265625 0.2171875 0.3390625
0 0.4296875 0.93203125 0.309375 0.1359375
0 0.7999812583160308 0.7807000106968992 0.2722808785580245 0.4311104648447216
0 0.70625 0.521875 0.134375 0.084375