0 0.16953125 0.26171875 0.3390625 0.5234375
0 0.7890625 0.44140625 0.40625 0.2171875
0 0.409375 0.459375 0.140625 0.18125
0 0.96484375 0.38203125 0.0703125 0.2171875
0 0.9390625 0.32109375 0.121875 0.1765625
0 0.8151697120400556 0.3197382721687593 0.2565770539746133 0.23792971741393637
0 0.5782927888914762 0.24869223760552933 0.18545617080279087 0.17894203657757757
0 0.4437481801090703 0.33017168376492734 0.15344134629715872 0.16673119665368966
0 0.3921875 0.1796875 0.10625 0.215625
0 0.8269763073288081 0.18606626772013507 0.2694812455605245 0.266500386387297
0 0.90546875 0.07109375 0.1890625 0.1421875
0 0.96328125 0.12265625 0.0734375 0.2453125
0 0.28203125 0.775 0.1140625 0.45
0 0.77421875 0.646875 0.2640625 0.19375
0 0.9546875 0.70234375 0.090625 0.1578125
0 0.4765625 0.60625 0.275 0.1125