0 0.40703125 0.3296875 0.3046875 0.659375
0 0.95625 0.5015625 0.0875 0.271875
0 0.88828125 0.3796875 0.2234375 0.25625
0 0.7390625 0.6015625 0.359375 0.115625
0 0.678125 0.48125 0.2375 0.253125
0 0.6388895815771949 0.2658798280361764 0.13469437418757346 0.11632351172019231
0 0.9453125 0.23671875 0.109375 0.2046875
0 0.8006219683466702 0.2754619864248812 0.1890739569792892 0.19160291640826924
0 0.61015625 0.23671875 0.1015625 0.1984375
0 0.2796875 0.8296875 0.559375 0.340625
0 0.7796875 0.86328125 0.440625 0.2734375