0 0.21796875 0.2359375 0.4359375 0.471875
0 0.83359375 0.19453125 0.3328125 0.2921875
0 0.784375 0.3578125 0.43125 0.303125
0 0.06640625 0.73359375 0.1328125 0.3078125
0 0.03984375 0.89609375 0.0796875 0.1671875
0 0.21953125 0.8546875 0.1984375 0.290625
0 0.1804356220156599 0.5919528062748789 0.18911553262324468 0.16213653855474383
0 0.36597257950658346 0.7856205987467744 0.1262335306460784 0.15021485870696819
0 0.4171875 0.665625 0.084375 0.1375
0 0.41171875 0.5515625 0.0953125 0.084375
0 0.2734375 0.53125 0.14375 0.04375
0 0.59609375 0.75234375 0.2734375 0.2234375
0 0.53203125 0.85703125 0.1453125 0.2796875
0 0.640625 0.9484375 0.3625 0.103125
0 0.7947024159704302 0.6196255256288005 0.2266155326232447 0.16366454646340917
0 0.89453125 0.546875 0.2109375 0.075
0 0.5203125 0.6078125 0.121875 0.196875
0 0.49140625 0.64609375 0.0640625 0.2265625