0 0.50546875 0.8609375 0.36015625 0.2140625
0 0.1390625 0.92578125 0.25234375 0.1484375
0 0.15625 0.76484375 0.2078125 0.16953125
0 0.24375 0.62109375 0.1796875 0.18203125
0 0.46640625 0.49296875 0.1234375 0.1078125
0 0.35625 0.44296875 0.1796875 0.11015625
0 0.47734375 0.3421875 0.1953125 0.125
0 0.7875 0.421875 0.1078125 0.09296875
0 0.78828125 0.6390625 0.115625 0.12890625
0 0.878125 0.76484375 0.17109375 0.21171875
0 0.7 0.31484375 0.0890625 0.06953125
0 0.9453125 0.9046875 0.109375 0.1484375