0 0.4 0.41640625 0.378125 0.2796875
0 0.56640625 0.13125 0.0453125 0.215625
0 0.42265625 0.05625 0.1515625 0.1125
0 0.50703125 0.02421875 0.1640625 0.0484375
0 0.0953125 0.04765625 0.13125 0.0953125
0 0.11581863951962172 0.2528311250016477 0.1479268012176463 0.14924779788867965
0 0.07421875 0.39296875 0.1484375 0.2421875
0 0.028125 0.50859375 0.05625 0.1015625
0 0.79453125 0.2796875 0.4109375 0.559375
0 0.94140625 0.08046875 0.1171875 0.1609375
0 0.29453125 0.88203125 0.5890625 0.2359375
0 0.81875 0.7984375 0.3625 0.403125
0 0.7421875 0.8125 0.30625 0.375