0 0.6578125 0.51875 0.184375 0.0625
0 0.430868139846108 0.4724723910230974 0.14181083693238977 0.12493584160399784
0 0.5318377213799131 0.4180096770027427 0.1985344336130419 0.13380572745980873
0 0.3953422690955392 0.32212563461295657 0.21546182448483525 0.15172097353086728
0 0.10183091266662485 0.4143301354415261 0.12332094606059654 0.10694782092583352
0 0.17053152324472406 0.303869978493266 0.10111405933798814 0.0810017510334573
0 0.9515625 0.47734375 0.096875 0.1453125
0 0.9625 0.32109375 0.075 0.1359375
0 0.80703125 0.35625 0.1140625 0.234375
0 0.60625 0.87890625 0.2875 0.2421875
0 0.3796875 0.90703125 0.234375 0.1859375
0 0.12265625 0.93046875 0.2453125 0.1390625
0 0.20748891681580975 0.8152034307267965 0.1617448286340201 0.1414341368892682
0 0.06328125 0.76484375 0.1265625 0.1578125
0 0.69296875 0.79609375 0.1140625 0.1671875